#format: ra_rad dec_rad i
# Grid: 10x10, extent=(2.0000, 2.0000) deg, center=(0.0000, -30.0000) deg, flux=1.0 Jy
-0.01745329252 -0.5410520681 1.0
-0.01357478307 -0.5410520681 1.0
-0.009696273622 -0.5410520681 1.0
-0.005817764173 -0.5410520681 1.0
-0.001939254724 -0.5410520681 1.0
0.001939254724 -0.5410520681 1.0
0.005817764173 -0.5410520681 1.0
0.009696273622 -0.5410520681 1.0
0.01357478307 -0.5410520681 1.0
0.01745329252 -0.5410520681 1.0
-0.01745329252 -0.5371735587 1.0
-0.01357478307 -0.5371735587 1.0
-0.009696273622 -0.5371735587 1.0
-0.005817764173 -0.5371735587 1.0
-0.001939254724 -0.5371735587 1.0
0.001939254724 -0.5371735587 1.0
0.005817764173 -0.5371735587 1.0
0.009696273622 -0.5371735587 1.0
0.01357478307 -0.5371735587 1.0
0.01745329252 -0.5371735587 1.0
-0.01745329252 -0.5332950492 1.0
-0.01357478307 -0.5332950492 1.0
-0.009696273622 -0.5332950492 1.0
-0.005817764173 -0.5332950492 1.0
-0.001939254724 -0.5332950492 1.0
0.001939254724 -0.5332950492 1.0
0.005817764173 -0.5332950492 1.0
0.009696273622 -0.5332950492 1.0
0.01357478307 -0.5332950492 1.0
0.01745329252 -0.5332950492 1.0
-0.01745329252 -0.5294165398 1.0
-0.01357478307 -0.5294165398 1.0
-0.009696273622 -0.5294165398 1.0
-0.005817764173 -0.5294165398 1.0
-0.001939254724 -0.5294165398 1.0
0.001939254724 -0.5294165398 1.0
0.005817764173 -0.5294165398 1.0
0.009696273622 -0.5294165398 1.0
0.01357478307 -0.5294165398 1.0
0.01745329252 -0.5294165398 1.0
-0.01745329252 -0.5255380303 1.0
-0.01357478307 -0.5255380303 1.0
-0.009696273622 -0.5255380303 1.0
-0.005817764173 -0.5255380303 1.0
-0.001939254724 -0.5255380303 1.0
0.001939254724 -0.5255380303 1.0
0.005817764173 -0.5255380303 1.0
0.009696273622 -0.5255380303 1.0
0.01357478307 -0.5255380303 1.0
0.01745329252 -0.5255380303 1.0
-0.01745329252 -0.5216595209 1.0
-0.01357478307 -0.5216595209 1.0
-0.009696273622 -0.5216595209 1.0
-0.005817764173 -0.5216595209 1.0
-0.001939254724 -0.5216595209 1.0
0.001939254724 -0.5216595209 1.0
0.005817764173 -0.5216595209 1.0
0.009696273622 -0.5216595209 1.0
0.01357478307 -0.5216595209 1.0
0.01745329252 -0.5216595209 1.0
-0.01745329252 -0.5177810114 1.0
-0.01357478307 -0.5177810114 1.0
-0.009696273622 -0.5177810114 1.0
-0.005817764173 -0.5177810114 1.0
-0.001939254724 -0.5177810114 1.0
0.001939254724 -0.5177810114 1.0
0.005817764173 -0.5177810114 1.0
0.009696273622 -0.5177810114 1.0
0.01357478307 -0.5177810114 1.0
0.01745329252 -0.5177810114 1.0
-0.01745329252 -0.513902502 1.0
-0.01357478307 -0.513902502 1.0
-0.009696273622 -0.513902502 1.0
-0.005817764173 -0.513902502 1.0
-0.001939254724 -0.513902502 1.0
0.001939254724 -0.513902502 1.0
0.005817764173 -0.513902502 1.0
0.009696273622 -0.513902502 1.0
0.01357478307 -0.513902502 1.0
0.01745329252 -0.513902502 1.0
-0.01745329252 -0.5100239925 1.0
-0.01357478307 -0.5100239925 1.0
-0.009696273622 -0.5100239925 1.0
-0.005817764173 -0.5100239925 1.0
-0.001939254724 -0.5100239925 1.0
0.001939254724 -0.5100239925 1.0
0.005817764173 -0.5100239925 1.0
0.009696273622 -0.5100239925 1.0
0.01357478307 -0.5100239925 1.0
0.01745329252 -0.5100239925 1.0
-0.01745329252 -0.5061454831 1.0
-0.01357478307 -0.5061454831 1.0
-0.009696273622 -0.5061454831 1.0
-0.005817764173 -0.5061454831 1.0
-0.001939254724 -0.5061454831 1.0
0.001939254724 -0.5061454831 1.0
0.005817764173 -0.5061454831 1.0
0.009696273622 -0.5061454831 1.0
0.01357478307 -0.5061454831 1.0
0.01745329252 -0.5061454831 1.0
