#format: ra_rad dec_rad i
# Grid: 10x10, extent=(5.0000, 5.0000) deg, center=(0.0000, -30.0000) deg, flux=1.0 Jy
-0.0436332313 -0.5672320069 1.0
-0.03393695768 -0.5672320069 1.0
-0.02424068406 -0.5672320069 1.0
-0.01454441043 -0.5672320069 1.0
-0.004848136811 -0.5672320069 1.0
0.004848136811 -0.5672320069 1.0
0.01454441043 -0.5672320069 1.0
0.02424068406 -0.5672320069 1.0
0.03393695768 -0.5672320069 1.0
0.0436332313 -0.5672320069 1.0
-0.0436332313 -0.5575357333 1.0
-0.03393695768 -0.5575357333 1.0
-0.02424068406 -0.5575357333 1.0
-0.01454441043 -0.5575357333 1.0
-0.004848136811 -0.5575357333 1.0
0.004848136811 -0.5575357333 1.0
0.01454441043 -0.5575357333 1.0
0.02424068406 -0.5575357333 1.0
0.03393695768 -0.5575357333 1.0
0.0436332313 -0.5575357333 1.0
-0.0436332313 -0.5478394597 1.0
-0.03393695768 -0.5478394597 1.0
-0.02424068406 -0.5478394597 1.0
-0.01454441043 -0.5478394597 1.0
-0.004848136811 -0.5478394597 1.0
0.004848136811 -0.5478394597 1.0
0.01454441043 -0.5478394597 1.0
0.02424068406 -0.5478394597 1.0
0.03393695768 -0.5478394597 1.0
0.0436332313 -0.5478394597 1.0
-0.0436332313 -0.538143186 1.0
-0.03393695768 -0.538143186 1.0
-0.02424068406 -0.538143186 1.0
-0.01454441043 -0.538143186 1.0
-0.004848136811 -0.538143186 1.0
0.004848136811 -0.538143186 1.0
0.01454441043 -0.538143186 1.0
0.02424068406 -0.538143186 1.0
0.03393695768 -0.538143186 1.0
0.0436332313 -0.538143186 1.0
-0.0436332313 -0.5284469124 1.0
-0.03393695768 -0.5284469124 1.0
-0.02424068406 -0.5284469124 1.0
-0.01454441043 -0.5284469124 1.0
-0.004848136811 -0.5284469124 1.0
0.004848136811 -0.5284469124 1.0
0.01454441043 -0.5284469124 1.0
0.02424068406 -0.5284469124 1.0
0.03393695768 -0.5284469124 1.0
0.0436332313 -0.5284469124 1.0
-0.0436332313 -0.5187506388 1.0
-0.03393695768 -0.5187506388 1.0
-0.02424068406 -0.5187506388 1.0
-0.01454441043 -0.5187506388 1.0
-0.004848136811 -0.5187506388 1.0
0.004848136811 -0.5187506388 1.0
0.01454441043 -0.5187506388 1.0
0.02424068406 -0.5187506388 1.0
0.03393695768 -0.5187506388 1.0
0.0436332313 -0.5187506388 1.0
-0.0436332313 -0.5090543652 1.0
-0.03393695768 -0.5090543652 1.0
-0.02424068406 -0.5090543652 1.0
-0.01454441043 -0.5090543652 1.0
-0.004848136811 -0.5090543652 1.0
0.004848136811 -0.5090543652 1.0
0.01454441043 -0.5090543652 1.0
0.02424068406 -0.5090543652 1.0
0.03393695768 -0.5090543652 1.0
0.0436332313 -0.5090543652 1.0
-0.0436332313 -0.4993580915 1.0
-0.03393695768 -0.4993580915 1.0
-0.02424068406 -0.4993580915 1.0
-0.01454441043 -0.4993580915 1.0
-0.004848136811 -0.4993580915 1.0
0.004848136811 -0.4993580915 1.0
0.01454441043 -0.4993580915 1.0
0.02424068406 -0.4993580915 1.0
0.03393695768 -0.4993580915 1.0
0.0436332313 -0.4993580915 1.0
-0.0436332313 -0.4896618179 1.0
-0.03393695768 -0.4896618179 1.0
-0.02424068406 -0.4896618179 1.0
-0.01454441043 -0.4896618179 1.0
-0.004848136811 -0.4896618179 1.0
0.004848136811 -0.4896618179 1.0
0.01454441043 -0.4896618179 1.0
0.02424068406 -0.4896618179 1.0
0.03393695768 -0.4896618179 1.0
0.0436332313 -0.4896618179 1.0
-0.0436332313 -0.4799655443 1.0
-0.03393695768 -0.4799655443 1.0
-0.02424068406 -0.4799655443 1.0
-0.01454441043 -0.4799655443 1.0
-0.004848136811 -0.4799655443 1.0
0.004848136811 -0.4799655443 1.0
0.01454441043 -0.4799655443 1.0
0.02424068406 -0.4799655443 1.0
0.03393695768 -0.4799655443 1.0
0.0436332313 -0.4799655443 1.0
